17
27
43
76
18
28
45
78
18
27
44
78
16
25
44
75
21
26
48
77
20
29
42
79
18
22
42
77
19
24
44
78
21
19
47
73
17
1
51
54
19
23
46
76
17
26
40
77
22
32
48
79
21
33
48
79
23
32
48
79
20
28
45
77
21
24
48
75
11
24
41
63
5
28
40
63
4
35
41
66
11
39
46
68
24
23
41
69
17
29
40
79
18
27
42
78
18
24
44
79
19
22
48
79
19
25
40
79
3
44
37
76
22
27
42
79
21
22
48
78
24
38
44
94
22
53
40
96
18
56
39
101
25
60
45
97
31
61
52
96
25
56
45
99
19
60
38
97
24
61
46
99
31
58
51
99
25
58
44
98
26
52
45
93
25
42
53
92
25
25
52
78
15
27
41
76
20
28
47
72
30
25
51
69
31
26
54
67
18
3
51
53
22
24
43
67
21
27
43
76
23
34
43
86
22
30
41
82
25
34
44
84
28
29
50
81